# Created by Octave 4.0.0, Wed Feb 24 18:45:19 2016 India Standard Time <unknown@KH1991>
# name: v
# type: range
# base, limit, increment
1 6 1


